金币,4,0,1,1
金创药(小量),3,0,0,0
魔法药(小量),3,0,0,0
肉,4,0,0,0
布衣(男),0,0,0,0
布衣(女),0,0,0,0
木剑,1,0,0,0
铁剑,1,0,0,0
青铜剑,1,0,0,0
轻型盔甲(男),0,0,0,0
轻型盔甲(女),0,0,0,0
干肉,4,0,0,0
药,4,0,0,0
凝霜,1,0,0,0
火球术,4,0,0,0
治愈术,4,0,0,0
基本剑术,4,0,0,0
蜡烛,2,0,0,0
短剑,1,0,0,0
精神力战法,4,0,0,0
青铜斧,1,0,0,0
重盔甲(女),0,0,0,0
魔法长袍(女),0,0,0,0
灵魂战衣(女),0,0,0,0
重盔甲(男),0,0,0,0
魔法长袍(男),0,0,0,0
灵魂战衣(男),0,0,0,0
大火球,4,0,0,0
攻杀剑术,4,0,0,0
施毒术,4,0,0,0
匕首,1,0,0,0
井中月,1,0,0,0
银蛇,1,0,0,0
海魂,1,0,0,0
修罗,1,0,0,0
炼狱,1,0,0,0
凌风,1,0,0,0
破魂,1,0,0,0
斩马刀,1,0,0,0
食人树叶,4,0,0,0
毒蜘蛛牙齿,4,0,0,0
食人树果实,4,0,0,0
蝎子尾巴,4,0,0,0
蛆卵,4,0,0,0
灰色药粉(少量),2,0,1,1
黄色药粉(少量),2,0,1,1
古铜戒指,2,0,0,0
青铜头盔,0,0,0,0
金项链,2,0,0,0
铁手镯,2,0,0,0
灰色药粉(中量),2,0,1,1
灰色药粉(大量),2,0,1,1
黄色药粉(中量),2,0,1,1
黄色药粉(大量),2,0,1,1
乌木剑,1,0,0,0
魔杖,1,0,0,0
八荒,1,0,0,0
鸡肉,4,0,0,0
玻璃戒指,2,0,0,0
牛角戒指,2,0,0,0
蓝色水晶戒指,2,0,0,0
六角戒指,2,0,0,0
黑檀项链,2,0,0,0
黄色水晶项链,2,0,0,0
黑色水晶项链,2,0,0,0
魔法头盔,0,0,0,0
沃玛号角,4,0,1,1
半月,1,0,0,0
皮制手套,2,0,0,0
坚固手套,2,0,0,0
钢手镯,2,0,0,0
生铁戒指,2,0,0,0
金戒指,2,0,0,0
灯笼项链,2,0,1,1
白色虎齿项链,2,0,1,1
魅力戒指,2,0,0,0
道德戒指,2,0,0,0
白金项链,2,0,0,0
降妖除魔戒指,2,0,0,0
躲避手链,2,0,0,0
地牢逃脱卷,3,0,1,1
偃月,1,0,0,0
降魔,1,0,0,0
传统项链,2,0,0,0
小手镯,2,0,0,0
银手镯,2,0,0,0
大手镯,2,0,0,0
鹤嘴锄,4,0,0,0
隐身戒指,2,0,1,1
抗拒火环,4,0,0,0
地狱火,4,0,0,0
雷电术,4,0,0,0
疾光电影,4,0,0,0
灵魂火符,4,0,0,0
幽灵盾,4,0,0,0
神圣战甲术,4,0,0,0
金创药(中量),3,0,1,1
魔法药(中量),3,0,1,1
黑色水晶戒指,2,0,0,0
魔鬼项链,2,0,0,1
珊瑚戒指,2,0,0,1
蓝翡翠项链,2,0,0,1
蛇眼戒指,2,0,0,1
琥珀项链,2,0,0,1
护身符,2,0,1,1
刺杀剑术,4,0,0,0
放大镜,2,0,0,0
红宝石戒指,2,0,0,1
珍珠戒指,2,0,0,1
竹笛,2,0,0,1
铂金戒指,2,0,1,1
骷髅戒指,2,0,1,1
龙之戒指,2,0,1,1
死神手套,2,0,1,1
骷髅头盔,0,0,1,1
魔法手镯,2,0,1,1
金手镯,2,0,1,1
道士头盔,0,0,1,1
传送戒指,2,0,1,1
铂金手镯,2,0,1,1
骑士手镯,2,0,1,1
绿色项链,2,0,1,1
凤凰明珠,2,0,1,1
道士手镯,2,0,1,1
三眼手镯,2,0,1,1
灵魂项链,2,0,1,1
黑檀手镯,2,0,1,1
思贝儿手镯,2,0,1,1
恶魔铃铛,2,0,1,1
铜矿,4,0,1,1
铁矿,4,0,1,1
银矿,4,0,1,1
金矿,4,0,1,1
战神油,3,0,1,1
回城卷,3,0,1,1
祝福油,3,0,1,1
麻痹戒指,2,0,1,1
复活戒指,2,0,1,1
火焰戒指,2,0,1,1
防御戒指,2,0,1,1
骷髅戒指,2,0,1,1
护身戒指,2,0,1,1
活力戒指,2,0,1,1
技巧项链,2,0,1,1
狂风戒指,2,0,1,1
夏普儿手镯,2,0,1,1
狂风项链,2,0,1,1
避邪手镯,2,0,1,1
探测项链,2,0,1,1
困魔咒,4,0,1,1
召唤骷髅,4,0,1,1
隐身术,4,0,1,1
集体隐身术,4,0,1,1
诱惑之光,4,0,1,1
瞬息移动,4,0,1,1
火墙,4,0,1,1
爆裂火焰,4,0,1,1
地狱雷光,4,0,1,1
半月弯刀,4,0,1,1
超级凌风,1,0,1,1
超级凝霜,1,0,1,1
太阳水,3,0,1,1
祖玛头像,4,0,1,1
介绍信,4,0,1,1
随机传送卷,3,0,1,1
无极棍,1,0,1,1
血饮,1,0,1,1
裁决之杖,1,0,1,1
记忆戒指,2,1,1,1
记忆项链,2,0,1,1
记忆手镯,2,1,1,1
记忆头盔,0,0,1,1
祈祷之刃,1,1,1,1
祈祷手镯,2,1,1,1
祈祷项链,2,1,1,1
祈祷戒指,2,1,1,1
祈祷头盔,0,1,1,1
行会回城卷,3,0,1,1
修复油,3,0,1,1
强效金创药,3,0,1,1
强效魔法药,3,0,1,1
生命项链,2,0,1,1
力量戒指,2,0,1,1
心灵手镯,2,0,1,1
黑铁头盔,0,0,1,1
烈火剑法,4,0,1,1
野蛮冲撞,4,0,1,1
心灵启示,4,0,1,1
群体治愈术,4,0,1,1
召唤麒麟,4,0,1,1
魔法盾,4,0,1,1
圣言术,4,0,1,1
冰咆哮,4,0,1,1
超级金创药,3,0,1,1
超级魔法药,3,0,1,1
强效太阳水,3,0,1,1
骰子,4,0,1,1
佛牌,4,0,1,1
黑铁矿石,4,0,1,1
彩票,3,0,1,1
疗伤药,3,0,1,1
特殊药水,3,0,1,1
药瓶2,3,0,1,1
药剂师的信,4,0,1,1
命运之刃,1,0,1,1
屠龙,1,0,1,1
骨玉权杖,1,0,1,1
龙纹剑,1,0,1,1
嗜魂法杖,1,0,1,1
火把,2,0,1,1
头盔,0,0,1,1
鹿茸,3,0,1,1
山洞凭证,4,0,1,1
紫碧螺,2,0,1,1
泰坦戒指,2,0,1,1
幽灵手套,2,0,1,1
阎罗手套,2,0,1,1
龙之手镯,2,0,1,1
天珠项链,2,0,1,1
幽灵项链,2,0,1,1
雪霜膏,3,0,1,1
鹿血,3,0,1,1
神秘戒指,2,0,1,1
神秘腰带,2,0,1,1
神秘头盔,0,0,1,1
神水,3,0,1,1
筹码,4,0,1,1
神秘药水,4,0,1,1
金创药(小)包,3,0,1,1
魔法药(小)包,3,0,1,1
金创药(中)包,3,0,1,1
魔法药(中)包,3,0,1,1
地牢逃脱卷包,4,0,1,1
随机传送卷包,4,0,1,1
回城卷包,4,0,1,1
行会回城卷包,4,0,1,1
筹码包,4,0,1,1
超级药水,3,0,1,1
攻击力药水,3,0,1,1
魔法力药水,3,0,1,1
道术力药水,3,0,1,1
疾风药水,3,0,1,1
生命强化水,3,0,1,1
魔法强化水,3,0,1,1
苹果,3,0,1,1
赤血魔剑,1,0,1,1
密花戒指,2,0,1,1
密花手镯,2,0,1,1
密花项链,2,0,1,1
血剑碎块,4,0,1,1
命运水晶,4,0,1,1
护身符包,4,0,1,1
战神盔甲(男),0,0,1,1
战神盔甲(女),0,0,1,1
钢盔甲(男),0,0,1,1
钢盔甲(女),0,0,1,1
幽灵战衣(男),0,0,1,1
幽灵战衣(女),0,0,1,1
泰坦战衣(男),0,0,1,1
泰坦战衣(女),0,0,1,1
恶魔长袍(男),0,0,1,1
恶魔长袍(女),0,0,1,1
圣龙魔袍(男),0,0,1,1
圣龙魔袍(女),0,0,1,1
火炬,2,0,1,1
兰花戒指,2,0,1,1
兰花手镯,2,0,1,1
兰花项链,2,0,1,1
喜糖,3,0,1,1
灵魂烙印,2,0,1,1
沉默之符,2,0,1,1
绿宝石矿石,4,0,1,1
紫宝石矿石,4,0,1,1
男战天魔,0,1,1,1
女战天魔,0,1,1,1
男道天魔,0,1,1,1
女道天魔,0,1,1,1
男法天魔,0,1,1,1
女法天魔,0,1,1,1
圣战之星,4,1,1,1
天尊之星,4,1,1,1
法神之星,4,1,1,1
幸运钻石,4,0,1,1
黑铁手套,2,0,1,1
中型盔甲(男),0,0,1,1
中型盔甲(女),0,0,1,1
圣战头盔,0,0,1,1
圣战项链,2,0,1,1
圣战手镯,2,0,1,1
圣战戒指,2,0,1,1
法神头盔,0,0,1,1
法神项链,2,0,1,1
法神手镯,2,0,1,1
法神戒指,2,0,1,1
天尊头盔,0,0,1,1
天尊项链,2,0,1,1
天尊手镯,2,0,1,1
天尊戒指,2,0,1,1
西矿区凭证,4,0,1,1
东矿区凭证,4,0,1,1
古墓五层凭证,4,0,1,1
古墓四层凭证,4,0,1,1
猪洞七凭证,4,0,1,1
祖玛教主凭证,4,0,1,1
沃玛宫殿凭证,4,0,1,1
会议室凭证,4,0,1,1
猪洞八凭证,4,0,1,1
猪洞九凭证,4,0,1,1
橡树果,3,0,1,1
青色橡树果,3,0,1,1
银色橡树果,3,0,1,1
金色橡树果,3,0,1,1
修炼石,4,0,1,1
召唤麒麟,4,1,1,1
超强金创药,3,0,1,1
超强魔法药,3,0,1,1
超强金创药包,3,0,1,1
超强魔法药包,3,0,1,1
蚁穴凭证,4,0,1,1
紫铜斧,1,0,1,1
爱情鲜花,2,0,1,1
黑铁手镯,2,0,1,1
青龙战袍(男),0,1,1,1
青龙战袍(女),0,1,1,1
白虎战甲(男),0,1,1,1
白虎战甲(女),0,1,1,1
朱雀战衣(男),0,1,1,1
朱雀战衣(女),0,1,1,1
恶灵头盔,0,1,1,1
祖玛头盔,0,1,1,1
道域头盔,0,1,1,1
勇士头盔,0,1,1,1
仁者头盔,0,1,1,1
勇武头盔,0,1,1,1
幻魔头盔,0,1,1,1
恶魔头盔,0,1,1,1
玄天头盔,0,1,1,1
嗜血法杖,1,0,1,1
暗黑法杖,1,1,1,1
幻影法杖,1,1,1,1
恶魔法杖,1,1,1,1
玄冥,1,1,1,1
金轮,1,1,1,1
龙爪,1,1,1,1
暗黑裁决,1,1,1,1
霸王斩,1,1,1,1
骑士之刃,1,1,1,1
索命,1,1,1,1
乾坤,1,1,1,1
虎啸,1,1,1,1
金域无极棍,1,1,1,1
祝福罐,4,1,1,1
暗黑蛇剑,1,1,1,1
彩虹,1,1,1,1
逍遥玉扇,1,1,1,1
尊者,1,1,1,1
金蛇剑,1,1,1,1
暗黑狂人刀,1,1,1,1
天机项链,2,1,1,1
天机手镯,2,1,1,1
天机戒指,2,1,1,1
紫金项链,2,1,1,1
紫金手镯,2,1,1,1
紫金戒指,2,1,1,1
圣光项链,2,1,1,1
圣光手镯,2,1,1,1
圣光戒指,2,1,1,1
白虎项链,2,1,1,1
白虎手镯,2,1,1,1
白虎戒指,2,1,1,1
青龙项链,2,1,1,1
青龙手镯,2,1,1,1
青龙戒指,2,1,1,1
朱雀项链,2,1,1,1
朱雀手镯,2,1,1,1
朱雀戒指,2,1,1,1
世尊项链,2,1,1,1
世尊手镯,2,1,1,1
世尊戒指,2,1,1,1
巫月项链,2,1,1,1
巫月手镯,2,1,1,1
巫月戒指,2,1,1,1
破甲项链,2,1,1,1
破甲手镯,2,1,1,1
破甲戒指,2,1,1,1
防御勋章,2,1,1,1
魔御勋章,2,1,1,1
攻击勋章,2,1,1,1
道术勋章,2,1,1,1
魔法勋章,2,1,1,1
一级圣战勋章,2,1,1,1
一级法神勋章,2,1,1,1
一级天尊勋章,2,1,1,1
二级圣战勋章,2,1,1,1
二级法神勋章,2,1,1,1
二级天尊勋章,2,1,1,1
三级圣战勋章,2,1,1,1
三级法神勋章,2,1,1,1
三级天尊勋章,2,1,1,1
圣战靴,0,1,1,1
圣战腰带,0,1,1,1
天尊靴,0,1,1,1
天尊腰带,0,1,1,1
法神靴,0,1,1,1
法神腰带,0,1,1,1
宝石腰带,0,0,1,1
千里传音,4,0,1,1
皮腰带,0,0,1,1
锁链腰带,0,0,1,1
魅力腰带,0,0,1,1
黄金腰带,0,1,1,1
紫皮腰带,0,0,1,1
布鞋,0,0,1,1
棉皮靴,0,0,1,1
牛皮靴,0,0,1,1
棉皮鞋,0,0,1,1
红皮靴,0,1,1,1
魅力靴,0,0,1,1
黄金靴,0,1,1,1
麻痹勋章,2,1,1,1
召唤圣兽,4,0,1,1
复活勋章,2,1,1,1
护身勋章,2,1,1,1
传送勋章,2,0,1,1
千里传音,4,0,1,1
回魂丹,3,1,1,1
仙灵药,3,1,1,1
凝神液,3,1,1,1
修复神水,4,0,1,1
求婚戒指,2,0,1,1
神域头盔,0,1,1,1
神域之刃,1,1,1,1
神域项链,2,1,1,1
神域手镯,2,1,1,1
神域戒指,2,1,1,1
灭天火,4,1,1,1
狮子吼,4,1,1,1
寒冰掌,4,1,1,1
逐日剑法,4,1,1,1
流星火雨,4,1,1,1
无极真气,4,1,1,1
气波功,4,1,1,1
解毒术,4,1,1,1
骷髅咒,4,1,1,1
噬血术,4,1,1,1
龙影剑法,4,1,1,1
一级红宝石,4,1,1,1
二级红宝石,4,1,1,1
三级红宝石,4,1,1,1
红宝石碎片,4,0,1,1
蓝宝石碎片,4,0,1,1
一级蓝宝石,4,1,1,1
二级蓝宝石,4,1,1,1
三级蓝宝石,4,1,1,1
紫宝石碎片,4,0,1,1
一级紫宝石,4,1,1,1
二级紫宝石,4,1,1,1
三级紫宝石,4,1,1,1
心灵召唤,4,1,1,1
圣甲(男),0,0,1,1
圣甲(女),0,0,1,1
一星圣甲(男),0,0,1,1
二星圣甲(男),0,0,1,1
三星圣甲(男),0,0,1,1
四星圣甲(男),0,1,1,1
五星圣甲(男),0,1,1,1
六星圣甲(男),0,1,1,1
七星圣甲(男),0,1,1,1
一星圣甲(女),0,0,1,1
二星圣甲(女),0,0,1,1
三星圣甲(女),0,0,1,1
四星圣甲(女),0,1,1,1
五星圣甲(女),0,1,1,1
六星圣甲(女),0,1,1,1
七星圣甲(女),0,1,1,1
随机传送石,4,0,1,1
金条,4,1,1,1
金砖,4,1,1,1
金箱,4,1,1,1
红名清洗卷,4,0,1,1
梦宠契约,4,1,1,1
幸运石,4,0,1,1
红晶石碎片,4,1,1,1
红晶石,4,1,1,1
圣战晶石碎片,4,0,1,1
圣战晶石,4,0,1,1
紫水晶,4,0,1,1
红水晶,4,0,1,1
蓝水晶,4,0,1,1
法神晶石碎片,4,0,1,1
法神晶石,4,0,1,1
天尊晶石碎片,4,0,1,1
天尊晶石,4,0,1,1
原质晶石,4,0,1,1
噬血术,4,0,1,1
强效太阳水包,3,0,1,1
声望卷,4,1,1,1
精炼黑铁矿,4,1,1,1
召唤麒麟书页,4,0,1,1
心灵召唤书页,4,0,1,1